$ANSIBLE_VAULT;1.1;AES256
33333038376566633734343564373463653133616263613166366436356339306666323465616637
3762356130636361313931313537333832653736386636620a306635333338306536343933373736
63316664393939633039663434663564373936323065346130383463396231363966373462316235
6630313261323938620a343065646536383663633661313038623166656663636638363765316439
31666563663965616336363264303930373538656639656437386531346236646663656632383436
63353933313166643732666636623133656233643137326363366666343462373034396236326236
30353262616333393531633332363039386533666363346561346664393164313135653538313831
32363836643334623534326233366335613334643530623139643133336237383336666365646566
65393965386433353530363165626532663738353534323561623537323531396233653239366236
30323430303164626334666533333838346537316562383464363138393937376333613362616234
62373738666166386162343130626434613831333037646366623661393864336139306461326165
37356664333766646665353832383735353863353330373134303535626362363439616231323538
36303530383462306666353464666136306339623331356465346461346237616338666662626638
62363236366430323661326561353139363434366632343936376263633634316338313665316662
63356130396438353030323161336231376637666165656237383661373437333763306430623133
65303033326366346663616630626163616539326338363234633733643565663437343639363230
3130
